== stream
[h264 @ 0x55fb651a5840] SEI type 764 size 66 truncated at 64
codec_name=h264
profile=High
width=2560
height=1440
has_b_frames=0
pix_fmt=yuv420p
color_range=unknown
color_space=unknown
r_frame_rate=40/1
avg_frame_rate=20/1
time_base=1/90000
== decoded frame order: peep-analyzeduration0 (n, pts seconds)
0 0
1 0
2 0.101
3 0.15
4 0.15
5 0.25
6 0.25
7 0.3
8 0.4
9 0.4
10 0.5
11 0.55
12 0.55
13 0.222622
14 0.222622
15 0.322622
16 0.322622
17 0.422622
18 0.422622
19 0.522622
20 0.522622
21 0.622622
22 0.622622
23 1.06568
24 1.11568
25 1.16568
26 1.16568
27 1.21568
28 1.31568
29 1.31568
30 1.41568
31 1.41568
32 1.51568
33 1.51568
34 1.23369
35 1.23369
36 1.33369
37 1.38369
38 1.43369
39 1.43369
40 1.48369
41 1.53369
42 1.58369
43 1.68369
44 2.07947
45 2.07947
46 2.12947
47 2.22947
48 2.27947
49 2.27947
50 2.37947
51 2.37947
52 2.47947
53 2.47947
54 2.57947
55 2.57947
56 2.25707
57 2.25707
58 2.35707
59 2.35707
60 2.45707
61 2.50707
62 2.50707
63 2.60707
64 2.60707
65 3.09072
66 3.09072
67 3.19072
68 3.19072
69 3.29072
70 3.29072
71 3.39072
72 3.39072
73 3.49072
74 3.54072
75 3.54072
76 3.21921
77 3.21921
78 3.31921
79 3.31921
80 3.41921
81 3.41921
82 3.51921
83 3.56921
84 3.56921
85 3.66921
86 3.66921
87 3.71921
88 4.16334
89 4.21334
90 4.21334
91 4.31334
92 4.31334
93 4.41334
94 4.41334
95 4.51334
96 4.51334
97 4.61334
98 5.00958
99 5.00958
100 5.05958
101 5.15958
102 5.20958
103 5.20958
104 5.30958
105 5.30958
106 5.40958
107 5.45958
108 5.45958
109 5.50958
110 5.187
111 5.237
112 5.237
113 5.287
114 5.387
115 5.437
116 5.437
117 5.537
118 5.537
119 5.637
120 5.637
== decoded frame order: default-analyze (n, pts seconds)
0 0
1 0
2 0.05
3 0.15
4 0.2
5 0.2
6 0.3
7 0.3
8 0.4
9 0.4
10 0.5
11 0.5
12 0.170356
13 0.170356
14 0.270356
15 0.270356
16 0.370356
17 0.420356
18 0.420356
19 0.520356
20 0.520356
21 0.570356
22 0.670356
23 0.670356
24 1.11542
25 1.16542
26 1.16542
27 1.26542
28 1.26542
29 1.36542
30 1.36542
31 1.46542
32 1.46542
33 1.18218
34 1.18218
35 1.28218
36 1.28218
37 1.38218
38 1.43218
39 1.48218
40 1.48218
41 2.01582
42 2.11582
43 2.11582
44 2.21582
45 2.21582
46 2.31582
47 2.31582
48 2.41582
49 2.41582
50 2.51582
51 2.56582
52 2.61582
53 2.61582
54 2.66582
55 2.24319
56 2.24319
57 2.34319
58 2.34319
59 2.44319
60 2.44319
61 2.54319
62 2.54319
63 2.64319
64 3.07766
65 3.07766
66 3.17766
67 3.17766
68 3.27766
69 3.27766
70 3.37766
71 3.42766
72 3.42766
73 3.47766
74 3.57766
75 3.57766
76 3.25558
77 3.30558
78 3.30558
79 3.40558
80 3.40558
81 3.45558
82 3.55558
83 3.55558
84 3.65558
85 3.65558
86 3.70558
87 4.15312
88 4.15312
89 4.25312
90 4.30312
91 4.35312
92 4.35312
93 4.40312
94 4.50312
95 4.50312
96 4.60312
97 4.99444
98 4.99444
99 5.09444
100 5.09444
101 5.14444
102 5.24444
103 5.29444
104 5.29444
105 5.39444
106 5.39444
107 5.11151
108 5.16151
109 5.16151
110 5.26151
111 5.26151
112 5.31151
113 5.41151
114 5.41151
115 5.51151
116 5.56151
117 5.56151
== packets: pts, dts, flags (6s)
[h264 @ 0x55d8e608d5c0] SEI type 764 size 50 truncated at 48
N/A,N/A,K__,
0.000000,0.000000,___,
0.100000,0.100000,___,
0.100000,0.100000,___,
0.200000,0.200000,___,
0.200000,0.200000,___,
0.300000,0.300000,___,
0.300000,0.300000,___,
0.400000,0.400000,___,
0.400000,0.400000,___,
0.500000,0.500000,___,
0.500000,0.500000,___,
0.171344,0.171344,___,
0.221344,0.221344,___,
0.221344,0.221344,___,
0.271344,0.271344,___,
0.371344,0.371344,___,
0.421344,0.421344,___,
0.421344,0.421344,___,
0.521344,0.521344,___,
0.521344,0.521344,___,
0.621344,0.621344,___,
0.621344,0.621344,___,
1.105611,1.105611,___,
1.105611,1.105611,___,
1.205611,1.205611,___,
1.255611,1.255611,___,
1.255611,1.255611,___,
1.355611,1.355611,___,
1.355611,1.355611,___,
1.455611,1.455611,___,
1.455611,1.455611,___,
1.555611,1.555611,___,
1.555611,1.555611,___,
1.232122,1.232122,___,
1.232122,1.232122,___,
1.332122,1.332122,___,
1.332122,1.332122,___,
1.432122,1.432122,___,
1.432122,1.432122,___,
1.532122,1.532122,K__,
1.532122,1.532122,___,
1.632122,1.632122,___,
2.066256,2.066256,___,
2.066256,2.066256,___,
2.166256,2.166256,___,
2.166256,2.166256,___,
2.266256,2.266256,___,
2.316256,2.316256,___,
2.316256,2.316256,___,
2.366256,2.366256,___,
2.466256,2.466256,___,
2.516256,2.516256,___,
2.516256,2.516256,___,
2.182767,2.182767,___,
2.282767,2.282767,___,
2.332767,2.332767,___,
2.332767,2.332767,___,
2.432767,2.432767,___,
2.432767,2.432767,___,
2.532767,2.532767,___,
2.532767,2.532767,___,
2.632767,2.632767,___,
2.632767,2.632767,___,
3.116867,3.116867,___,
3.166867,3.166867,___,
3.166867,3.166867,___,
3.266867,3.266867,___,
3.266867,3.266867,___,
3.366867,3.366867,___,
3.416867,3.416867,___,
3.416867,3.416867,___,
3.466867,3.466867,___,
3.566867,3.566867,___,
3.566867,3.566867,___,
3.244189,3.244189,___,
3.244189,3.244189,___,
3.344189,3.344189,___,
3.344189,3.344189,___,
3.444189,3.444189,___,
3.444189,3.444189,K__,
3.494189,3.494189,___,
3.594189,3.594189,___,
3.644189,3.644189,___,
3.644189,3.644189,___,
4.077856,4.077856,___,
4.177856,4.177856,___,
4.227856,4.227856,___,
4.227856,4.227856,___,
4.277856,4.277856,___,
4.377856,4.377856,___,
4.377856,4.377856,___,
4.477856,4.477856,___,
4.477856,4.477856,___,
4.195322,4.195322,___,
4.245322,4.245322,___,
4.295322,4.295322,___,
4.295322,4.295322,___,
4.345322,4.345322,___,
4.445322,4.445322,___,
4.445322,4.445322,___,
4.545322,4.545322,___,
4.545322,4.545322,___,
4.645322,4.645322,___,
4.645322,4.645322,___,
5.088522,5.088522,___,
5.138522,5.138522,___,
5.138522,5.138522,___,
5.238522,5.238522,___,
5.238522,5.238522,___,
5.338522,5.338522,___,
5.338522,5.338522,___,
5.438522,5.438522,___,
5.438522,5.438522,___,
5.538522,5.538522,___,
5.538522,5.538522,___,
5.255533,5.255533,___,
5.255533,5.255533,___,
5.355533,5.355533,___,
5.355533,5.355533,___,
5.455533,5.455533,K__,
5.455533,5.455533,___,
5.555533,5.555533,___,
5.555533,5.555533,___,
5.605533,5.605533,___,
